TP:
203,203,203,201,197, 193,186, 182, 170, 152,124,92,68, 48, 26, 6, 1, 1, 9
FP:
620, 620, 620,622, 626,630,637, 641, 653, 671,699,731,755, 775, 797, 817, 822, 822

FROC YOLO:

TP:
FP:


69 98 112 118 128 142 151 172 175 178 179 183 183 185 191 192 195 198 199 203 204 210 210
10  13 16 19 23 34 49 72 82 96 109 133 158 187 225 256 317 391 434 504 539 700 807


FROC RETINANET:

len = 161
All pos = 169

TP:
FP:

27 38 58 73 91 96 107 108 109 114 123 125 132 144 145 145 151 152 152 153 157 157 158
1 3 10 17 36 41 50 57 65 80 92 119 130 189 226 293 347 395 450 514 650 769 894


FROC Mask RCNN

len = 161
All pos = 169

TP:
FP:

17 30 79 93 101 118 119 124 130 138 143  143 146 151 154 155 157 159
4 6 60 102 115 186 206 247 303 345 383 398 457 536 608 689 779 864


FROC retina ben/mal

len = 354
All pos = 369

5 11 27 50 76 115 145 173 200 235 259 264 271 281 295 303 309 315 324 328 335 345
1 1 4 9 18 43 71 126 191 276 410 450 531 632 750 902 1011 1133 1385 1760 2286 3617
